 Camera matrix:
[[374.74548357   0.         248.08241952]
 [  0.         370.32639999 321.97007822]
 [  0.           0.           1.        ]]

 Distortion coefficient:
[[-0.04792172  0.16861088  0.00267955  0.00622755 -0.163583  ]]

 Rotation Vectors:
[array([[ 0.21851425],
       [-0.02793205],
       [-0.00806423]]), array([[ 0.207501  ],
       [-0.20903971],
       [-0.01297046]]), array([[ 0.29726554],
       [ 0.25105083],
       [-0.60797404]]), array([[ 0.74934608],
       [-0.5387572 ],
       [ 0.4463208 ]]), array([[ 0.58353392],
       [ 0.06836924],
       [-0.15983766]]), array([[ 0.76804162],
       [-0.12827507],
       [ 0.05334025]]), array([[ 0.73598462],
       [-0.45990855],
       [ 0.29087846]]), array([[ 0.58984206],
       [-0.23631712],
       [ 0.21522311]]), array([[ 0.71168753],
       [-0.33049606],
       [ 0.08240994]]), array([[ 0.69869516],
       [ 0.15750163],
       [-0.45077906]]), array([[ 0.20213608],
       [-0.08708166],
       [-0.03315671]]), array([[ 0.27652063],
       [ 0.2619296 ],
       [-0.50841021]]), array([[ 0.63706746],
       [-0.47336392],
       [ 0.38017134]]), array([[ 0.32494767],
       [-0.05116296],
       [ 0.00407372]]), array([[ 0.49115945],
       [-0.24108779],
       [ 0.27858687]]), array([[ 0.79557522],
       [-0.12023707],
       [-0.16761517]]), array([[ 0.42998709],
       [-0.23271089],
       [ 0.16530157]]), array([[ 0.63162711],
       [ 0.13028849],
       [-0.65786342]]), array([[ 0.21586674],
       [-0.14317964],
       [-0.02942817]]), array([[ 0.68920491],
       [-0.60470414],
       [ 0.41988835]]), array([[ 0.8636293 ],
       [-0.60593334],
       [ 0.34550522]]), array([[0.06541288],
       [0.38610436],
       [0.02037875]])]

 Translation Vectors:
[array([[-2.92268884],
       [-4.16515973],
       [21.0222076 ]]), array([[-5.42094926],
       [-3.26656803],
       [18.41807775]]), array([[-5.01304879],
       [-1.1002233 ],
       [22.25404169]]), array([[-1.60409437],
       [-2.9028391 ],
       [11.24122581]]), array([[-1.20128843],
       [-1.50238019],
       [20.32208956]]), array([[-3.16923547],
       [-0.92903641],
       [10.32034634]]), array([[-3.56174357],
       [-1.5473623 ],
       [10.64724771]]), array([[-2.62495373],
       [-0.89054176],
       [15.34853496]]), array([[-3.93689298],
       [-1.87322911],
       [13.38919936]]), array([[-3.56298111],
       [-0.81111629],
       [18.57560783]]), array([[-4.56037147],
       [-1.74285492],
       [19.62557309]]), array([[-3.73692315],
       [-1.17631311],
       [21.74460422]]), array([[-3.31696919],
       [-2.91530555],
       [13.19714298]]), array([[-3.16942533],
       [-3.88653135],
       [25.88053034]]), array([[-1.6509282 ],
       [-1.10304443],
       [11.15830818]]), array([[-4.17672927],
       [ 0.24103643],
       [ 9.97682826]]), array([[-3.00400091],
       [-2.07487042],
       [10.61793263]]), array([[-2.70517834],
       [ 0.05991372],
       [20.51225051]]), array([[-5.54974802],
       [-2.50699997],
       [19.7766538 ]]), array([[-4.77769587],
       [-2.98006938],
       [10.75368643]]), array([[-3.5817547 ],
       [-2.89439271],
       [ 7.80460967]]), array([[-0.74500915],
       [ 0.91245412],
       [19.135722  ]])]