[[370.06088626   0.         322.86274468]
 [  0.         374.89346096 232.52886492]
 [  0.           0.           1.        ]]

 Distortion coefficient:
[[-0.04411806  0.13393567 -0.00460908  0.00304738 -0.09357143]]

 Rotation Vectors:
[array([[-0.1896582 ],
       [-0.15063241],
       [ 1.55554358]]), array([[-3.23335908e-01],
       [ 5.91692780e-04],
       [ 1.54490584e+00]]), array([[-0.0279186 ],
       [-0.39854439],
       [ 0.94256817]]), array([[ 0.15845729],
       [-0.94556946],
       [-1.01241256]]), array([[-0.38611477],
       [-0.49519979],
       [ 1.36374219]]), array([[-0.70353332],
       [-0.50784746],
       [ 1.53422667]]), array([[ 0.21091715],
       [-0.89645917],
       [-1.17885234]]), array([[ 0.27278331],
       [-0.62634969],
       [-1.30143985]]), array([[-0.82181068],
       [-0.30485873],
       [ 1.56170459]]), array([[-0.39533224],
       [-0.63331299],
       [ 1.0498212 ]]), array([[-0.22122156],
       [-0.09141468],
       [ 1.53031861]]), array([[-0.00553957],
       [-0.39703157],
       [ 1.04269562]]), array([[ 0.12494221],
       [-0.82325051],
       [-1.1075039 ]]), array([[-0.28231576],
       [-0.25839685],
       [ 1.54690352]]), array([[ 0.19266672],
       [-0.55069181],
       [-1.25287715]]), array([[-0.69691083],
       [-0.51940387],
       [ 1.31056699]]), array([[ 0.15447276],
       [-0.50570934],
       [-1.37363909]]), array([[-0.35627876],
       [-0.54868972],
       [ 0.85748881]]), array([[-0.27597286],
       [-0.05759608],
       [ 1.53134986]]), array([[ 0.06561851],
       [-0.9528919 ],
       [-1.04002977]]), array([[ 0.1950223 ],
       [-1.09106709],
       [-1.07573297]]), array([[ 0.35979883],
       [ 0.25479776],
       [-1.52821194]])]

 Translation Vectors:
[array([[ 0.58478517],
       [-4.19526277],
       [22.28203755]]), array([[ 1.33623514],
       [-1.47376977],
       [20.88375799]]), array([[-0.89348588],
       [-3.58864953],
       [21.02149251]]), array([[-2.93358584],
       [ 1.55443767],
       [11.25050663]]), array([[ 1.65640237],
       [-6.63667696],
       [22.2419357 ]]), array([[ 2.63908763],
       [-3.35639746],
       [14.70814805]]), array([[-1.57566908],
       [ 3.51522133],
       [10.66872002]]), array([[-0.92852577],
       [ 2.55893447],
       [15.36927634]]), array([[ 1.60296599],
       [-1.83004756],
       [18.80555674]]), array([[ 0.08478336],
       [-5.02305974],
       [19.47502422]]), array([[ 2.81228961],
       [-2.6225183 ],
       [21.21311335]]), array([[-0.11482838],
       [-4.79318384],
       [20.50654205]]), array([[-2.95163718],
       [ 3.25882649],
       [13.21726736]]), array([[ 0.69359963],
       [-3.94467638],
       [27.74867866]]), array([[-1.13085512],
       [ 1.60307358],
       [11.17106282]]), array([[ 2.28636957],
       [-3.26416645],
       [13.87456022]]), array([[-2.10311409],
       [ 2.95756658],
       [10.63553776]]), array([[-0.64050334],
       [-5.95379266],
       [20.88358739]]), array([[ 2.01299365],
       [-1.53993643],
       [21.82572214]]), array([[-3.01166324],
       [ 4.72922734],
       [10.77751701]]), array([[-2.91846728],
       [ 3.54558488],
       [ 7.82120587]]), array([[ 0.86894481],
       [ 0.66225125],
       [19.13931708]])]
