 Camera matrix:
[[375.11117222   0.         325.94678612]
 [  0.         376.667932   229.69762885]
 [  0.           0.           1.        ]]

 Distortion coefficient:
[[-0.04310492  0.22544408 -0.00800435  0.00223716 -0.25756141]]

 Rotation Vectors:
[array([[-0.41284932],
       [ 0.01899824],
       [ 0.02659955]]), array([[-0.39461157],
       [-0.0169618 ],
       [-0.03223509]]), array([[-0.24097645],
       [-0.43778095],
       [-0.08903282]]), array([[-0.20086924],
       [-0.44846277],
       [-0.02891422]]), array([[-0.20802445],
       [-0.44551255],
       [-0.01691024]]), array([[-0.24016372],
       [-0.34920879],
       [-0.1204392 ]]), array([[-0.45588326],
       [-0.37009041],
       [-0.18307438]]), array([[-0.42087366],
       [-0.38245826],
       [-0.13735223]]), array([[-0.40475234],
       [-0.36999536],
       [-0.12596418]]), array([[-0.28095785],
       [-0.35821012],
       [-0.04054812]]), array([[-0.18272264],
       [-0.3127812 ],
       [ 0.02523302]]), array([[-0.2535759 ],
       [-0.27470829],
       [ 0.00135161]]), array([[-0.084594  ],
       [-0.01050589],
       [ 0.06762781]]), array([[-0.02088047],
       [ 0.00288184],
       [ 0.0955087 ]]), array([[-0.08675166],
       [-0.01007079],
       [ 0.06029239]]), array([[ 0.04577926],
       [-0.01149518],
       [ 0.06156493]]), array([[ 0.13185699],
       [-0.01673446],
       [ 0.23032679]]), array([[ 0.17356499],
       [-0.14634735],
       [ 0.54306053]]), array([[ 0.02886545],
       [-0.3453971 ],
       [ 0.06612301]]), array([[-0.22862839],
       [-0.35860919],
       [-0.10143304]]), array([[ 0.37545942],
       [-0.08441031],
       [ 0.02235551]])]

 Translation Vectors:
[array([[ 1.52647427],
       [-6.5967092 ],
       [16.55885984]]), array([[ 0.24557222],
       [-5.54688523],
       [16.79081218]]), array([[ 0.22688979],
       [-3.71244702],
       [17.10009392]]), array([[ 1.20700071],
       [-6.27752051],
       [16.89632008]]), array([[ 1.40085761],
       [-6.31678767],
       [16.80414431]]), array([[ 1.15948406],
       [-6.09992328],
       [18.43100235]]), array([[ 0.90994553],
       [-5.81670824],
       [17.75912164]]), array([[ 1.39426251],
       [-6.80555706],
       [17.04893244]]), array([[ 1.96157792],
       [-7.11405074],
       [16.77047769]]), array([[ 2.00862544],
       [-7.5301602 ],
       [17.21494301]]), array([[ 2.05026565],
       [-7.826753  ],
       [16.30093974]]), array([[ 0.86766679],
       [-7.08954369],
       [17.56309585]]), array([[ 1.31394779],
       [-6.80394947],
       [14.90429917]]), array([[ 1.40081477],
       [-5.94827848],
       [15.34895067]]), array([[ 0.77520846],
       [-2.73970712],
       [16.11754023]]), array([[ 0.53068092],
       [-0.51748855],
       [16.27269509]]), array([[-0.10781426],
       [-2.80291884],
       [17.52074233]]), array([[ 0.74202081],
       [-2.87947903],
       [17.59738738]]), array([[ 2.95837574],
       [-2.2902535 ],
       [16.15223622]]), array([[ 2.34256155],
       [-3.96558972],
       [16.39228883]]), array([[ 0.95509045],
       [-5.69814125],
       [16.66140202]])]